0.000556348 41561.7
0.000556371 41561.7
0.000554172 41561.7
0.000568336 41561.7
0.000556354 41561.7
0.000557343 41561.7
0.000556431 41561.7
0.00055611 41561.7
0.000568466 41561.7
0.00056744 41561.7
0.000557142 41561.7
0.000555204 41561.7
0.000556215 41561.7
0.000556017 41561.7
0.000557121 41561.7
0.00055413 41561.7
0.000555673 41561.7
0.000561862 41561.7
0.000555174 41561.7
0.000556512 41561.7
0.000555495 41561.7
0.000558205 41561.7
0.000568093 41561.7
0.000555402 41561.7
0.000556086 41561.7
0.000554409 41561.7
0.000555792 41561.7
0.000555231 41561.7
0.00057515 41561.7
0.000556521 41561.7
0.000555732 41561.7
0.000553194 41561.7
0.00055696 41561.7
0.000556062 41561.7
0.000555651 41561.7
0.00057321 41561.7
0.000558369 41561.7
0.00055629 41561.7
0.000557059 41561.7
0.000555663 41561.7
0.000556797 41561.7
0.000570647 41561.7
0.000555738 41561.7
0.000556281 41561.7
0.000557497 41561.7
0.000554733 41561.7
0.000570308 41561.7
0.000556194 41561.7
0.000558112 41561.7
0.000557521 41561.7
0.000554229 41561.7
0.000557158 41561.7
0.000575856 41561.7
0.000557646 41561.7
0.000554397 41561.7
0.000557182 41561.7
0.000555981 41561.7
0.000554787 41561.7
0.000558034 41561.7
0.000569156 41561.7
0.000562141 41561.7
0.000557592 41561.7
0.000556689 41561.7
0.000554619 41561.7
0.00055464 41561.7
0.00056858 41561.7
0.000556539 41561.7
0.000564722 41561.7
0.000555642 41561.7
0.000559198 41561.7
0.000554685 41561.7
0.000394491 41561.7
0.000558103 41561.7
0.000555868 41561.7
0.000554327 41561.7
0.000554976 41561.7
0.000555507 41561.7
0.000567926 41561.7
0.000554439 41561.7
0.000555855 41561.7
0.000555732 41561.7
0.000392033 41561.7
0.000561784 41561.7
0.000392484 41561.7
0.000392556 41561.7
0.000557184 41561.7
0.000557739 41561.7
0.000557904 41561.7
0.000556864 41561.7
0.000401449 41561.7
0.000562645 41561.7
0.000391409 41561.7
0.000392877 41561.7
0.000556128 41561.7
0.000569888 41561.7
0.000555084 41561.7
0.00055416 41561.7
0.000555261 41561.7
0.000556332 41561.7
0.000570548 41561.7
