0.00871918 129398
0.00876474 129398
0.00866592 129398
0.00872022 129398
0.00868142 129398
0.00867624 129398
0.00866514 129398
0.00873652 129398
0.00871448 129398
0.00865228 129398
0.00874551 129398
0.0087559 129398
0.00875162 129398
0.00867871 129398
0.00867775 129398
0.00876617 129398
0.00868772 129398
0.00876102 129398
0.00620136 129398
0.00885295 129398
0.00873512 129398
0.00868295 129398
0.00876679 129398
0.00881119 129398
0.00876792 129398
0.00877565 129398
0.0087771 129398
0.00868804 129398
0.00876259 129398
0.00875386 129398
0.00876168 129398
0.00873986 129398
0.00873866 129398
0.00874869 129398
0.0087585 129398
0.00875911 129398
0.0087647 129398
0.00876096 129398
0.00875773 129398
0.0086852 129398
0.00868962 129398
0.00875547 129398
0.00874441 129398
0.0087634 129398
0.00874817 129398
0.00874198 129398
0.00867009 129398
0.00874373 129398
0.00866754 129398
0.00867933 129398
0.00877011 129398
0.00867105 129398
0.00879058 129398
0.00877338 129398
0.00868756 129398
0.00877573 129398
0.00875378 129398
0.0087706 129398
0.00875628 129398
0.00874185 129398
0.00875277 129398
0.00882181 129398
0.00875062 129398
0.00877047 129398
0.00875473 129398
0.0086873 129398
0.00867629 129398
0.00877204 129398
0.0086791 129398
0.00874586 129398
0.00875971 129398
0.00874842 129398
0.00875796 129398
0.00874858 129398
0.00877794 129398
0.0087464 129398
0.00875704 129398
0.0087397 129398
0.00875079 129398
0.00875392 129398
0.00874278 129398
0.00866711 129398
0.00875603 129398
0.00869431 129398
0.00866934 129398
0.00876355 129398
0.00867674 129398
0.00875066 129398
0.00874655 129398
0.008766 129398
0.00874249 129398
0.00866529 129398
0.0086931 129398
0.00878616 129398
0.00875509 129398
0.00876833 129398
0.00875653 129398
0.00874854 129398
0.00874302 129398
0.0087519 129398
