0.0830654 388742
0.0835452 388742
0.0845923 388742
0.0835958 388742
0.0839466 388742
0.0844179 388742
0.083837 388742
0.0842725 388742
0.0841626 388742
0.0847779 388742
0.0838909 388742
0.0840883 388742
0.0852976 388742
0.0840449 388742
0.0842052 388742
0.0846343 388742
0.0842116 388742
0.085291 388742
0.0839342 388742
0.0835956 388742
0.0783465 388742
0.0791023 388742
0.0785272 388742
0.0845014 388742
0.0888862 388742
0.0853355 388742
0.0840947 388742
0.084113 388742
0.0840993 388742
0.0835396 388742
0.0842451 388742
0.0836616 388742
0.0848667 388742
0.0842086 388742
0.0836876 388742
0.0849252 388742
0.0837737 388742
0.0845333 388742
0.0853298 388742
0.0834665 388742
0.0845789 388742
0.0839896 388742
0.0839627 388742
0.0866296 388742
0.085769 388742
0.0852192 388742
0.0805006 388742
0.0871763 388742
0.0811889 388742
0.0829256 388742
0.0846547 388742
0.0838017 388742
0.084781 388742
0.0786088 388742
0.0837019 388742
0.0847053 388742
0.0856475 388742
0.0846238 388742
0.0841417 388742
0.0841803 388742
0.0847385 388742
0.086037 388742
0.0838352 388742
0.0831632 388742
0.0844568 388742
0.0842771 388742
0.0848793 388742
0.0833687 388742
0.0843722 388742
0.0840699 388742
0.0842534 388742
0.0839496 388742
0.0838016 388742
0.0844331 388742
0.0846397 388742
0.0840984 388742
0.0830227 388742
0.0832126 388742
0.083892 388742
0.0832226 388742
0.0837586 388742
0.0827446 388742
0.0844153 388742
0.0843611 388742
0.0840213 388742
0.0840777 388742
0.0829096 388742
0.0868161 388742
0.0819756 388742
0.0840478 388742
0.0850118 388742
0.0838992 388742
0.0842392 388742
0.0850804 388742
0.0841855 388742
0.0843605 388742
0.0839091 388742
0.0842868 388742
0.0832466 388742
0.0848167 388742
