0.943247 1.32275e+06
0.943557 1.32275e+06
0.941596 1.32275e+06
0.943623 1.32275e+06
0.943042 1.32275e+06
0.94328 1.32275e+06
0.94319 1.32275e+06
0.942798 1.32275e+06
0.943406 1.32275e+06
0.942878 1.32275e+06
0.943144 1.32275e+06
0.941533 1.32275e+06
0.942079 1.32275e+06
0.946533 1.32275e+06
0.943235 1.32275e+06
0.942017 1.32275e+06
0.942952 1.32275e+06
0.942896 1.32275e+06
0.942587 1.32275e+06
0.945072 1.32275e+06
0.9436 1.32275e+06
0.944191 1.32275e+06
0.945011 1.32275e+06
0.944941 1.32275e+06
0.941825 1.32275e+06
0.941235 1.32275e+06
0.941057 1.32275e+06
0.943981 1.32275e+06
0.944822 1.32275e+06
0.944558 1.32275e+06
0.943521 1.32275e+06
0.94289 1.32275e+06
0.944651 1.32275e+06
0.942888 1.32275e+06
0.944904 1.32275e+06
0.942687 1.32275e+06
0.943809 1.32275e+06
0.942845 1.32275e+06
0.942704 1.32275e+06
0.942868 1.32275e+06
0.941994 1.32275e+06
0.942005 1.32275e+06
0.942072 1.32275e+06
0.94207 1.32275e+06
0.941507 1.32275e+06
0.942499 1.32275e+06
0.943175 1.32275e+06
0.941967 1.32275e+06
0.942251 1.32275e+06
0.942733 1.32275e+06
0.943169 1.32275e+06
0.943527 1.32275e+06
0.947917 1.32275e+06
0.94316 1.32275e+06
0.943959 1.32275e+06
0.941949 1.32275e+06
0.946508 1.32275e+06
0.941434 1.32275e+06
0.943782 1.32275e+06
0.942827 1.32275e+06
0.943194 1.32275e+06
0.943319 1.32275e+06
0.942531 1.32275e+06
0.942128 1.32275e+06
0.941632 1.32275e+06
0.942908 1.32275e+06
0.944572 1.32275e+06
0.941883 1.32275e+06
0.942665 1.32275e+06
0.943979 1.32275e+06
0.943056 1.32275e+06
0.94271 1.32275e+06
0.942993 1.32275e+06
0.943365 1.32275e+06
0.944951 1.32275e+06
0.941909 1.32275e+06
0.942845 1.32275e+06
0.944111 1.32275e+06
0.943087 1.32275e+06
0.942229 1.32275e+06
0.945087 1.32275e+06
0.943182 1.32275e+06
0.942504 1.32275e+06
0.941809 1.32275e+06
0.945676 1.32275e+06
0.94039 1.32275e+06
0.945453 1.32275e+06
0.943385 1.32275e+06
0.939866 1.32275e+06
0.942312 1.32275e+06
0.942418 1.32275e+06
0.941923 1.32275e+06
0.940235 1.32275e+06
0.943125 1.32275e+06
0.941993 1.32275e+06
0.944212 1.32275e+06
0.942347 1.32275e+06
0.943536 1.32275e+06
0.942346 1.32275e+06
0.944443 1.32275e+06
