10.9961 3.71346e+06
10.996 3.71346e+06
10.9901 3.71346e+06
10.9855 3.71346e+06
10.9916 3.71346e+06
10.9916 3.71346e+06
11.0023 3.71346e+06
10.9904 3.71346e+06
10.9918 3.71346e+06
10.9902 3.71346e+06
11.3506 3.71346e+06
10.9941 3.71346e+06
11.0412 3.71346e+06
10.9891 3.71346e+06
10.9991 3.71346e+06
11.6395 3.71346e+06
11.22 3.71346e+06
11.0881 3.71346e+06
10.996 3.71346e+06
10.9891 3.71346e+06
12.2014 3.71346e+06
10.9951 3.71346e+06
10.9983 3.71346e+06
10.9936 3.71346e+06
11.005 3.71346e+06
10.9895 3.71346e+06
10.9964 3.71346e+06
11.0275 3.71346e+06
11.0145 3.71346e+06
11 3.71346e+06
11.024 3.71346e+06
10.9878 3.71346e+06
10.9866 3.71346e+06
12.3194 3.71346e+06
10.9872 3.71346e+06
10.9867 3.71346e+06
11.0305 3.71346e+06
10.9962 3.71346e+06
10.988 3.71346e+06
10.9902 3.71346e+06
12.4653 3.71346e+06
11.0051 3.71346e+06
10.9954 3.71346e+06
10.9957 3.71346e+06
10.996 3.71346e+06
11.0007 3.71346e+06
12.3903 3.71346e+06
10.9961 3.71346e+06
11.089 3.71346e+06
10.993 3.71346e+06
11.0018 3.71346e+06
10.9979 3.71346e+06
12.3894 3.71346e+06
11.9803 3.71346e+06
10.9961 3.71346e+06
10.9856 3.71346e+06
10.9833 3.71346e+06
12.2955 3.71346e+06
11.0082 3.71346e+06
10.9889 3.71346e+06
10.9978 3.71346e+06
11.0045 3.71346e+06
10.9961 3.71346e+06
10.9926 3.71346e+06
12.7917 3.71346e+06
13.1432 3.71346e+06
11.2371 3.71346e+06
12.5627 3.71346e+06
12.1421 3.71346e+06
12.1398 3.71346e+06
10.9995 3.71346e+06
11.0058 3.71346e+06
11.0014 3.71346e+06
10.9957 3.71346e+06
10.9918 3.71346e+06
10.9997 3.71346e+06
11.0071 3.71346e+06
11.0333 3.71346e+06
11.0321 3.71346e+06
12.727 3.71346e+06
12.4222 3.71346e+06
11.1079 3.71346e+06
12.1465 3.71346e+06
12.8812 3.71346e+06
12.287 3.71346e+06
12.1617 3.71346e+06
11.0236 3.71346e+06
11.0198 3.71346e+06
10.9992 3.71346e+06
10.9941 3.71346e+06
11.0085 3.71346e+06
11.5652 3.71346e+06
12.5041 3.71346e+06
11.0122 3.71346e+06
10.9943 3.71346e+06
12.3774 3.71346e+06
11.1419 3.71346e+06
11.1456 3.71346e+06
11.0899 3.71346e+06
12.93 3.71346e+06
